88 1118111118

1101010011ος 0101 101 001001 van eigen zelfstandigheid in betrekking 1011010110-
1001, 1881.

8010100100 0101 101 100001 1010001110 100 1010001001001011011010011001100
11001000100110, 1888.

Verbandelingen 0101 100 811101, 1888111110011101018100001).

1011001011ος 0101 10 1010010100 101 101001010011011 bij 10 001010 00 101010 101-
ken, 1884.

Κο11 overzigt 100 10 000011010010 101 110101100100, 1888, 1884, 1887, 1888
(10110011 10 1011100001).

Bijzonderheden 011 10110100 10010000, 8010011001, 1885.

8011010 Klein 00101001001, 1885.

10100018 0001100 0010111100 110 80000111ομ0 00 101 Iam 10010000, 8 0101100,
1881 (10 1011100001).

1101100010 1101. 00 810011. 1000111111ος 101 11101011, 1888 (10 1011101001 1001).

1011010 00 (101111011οη 800111οο, 0001 0001, 1888.

110 (1101000100, 10 1110 100100. 800 1011100011 en 11000001 1001111011, 8001 hi«.
de Meijer, 10010001, 1887.

111οο010110 1001 junge 110100, 1888.

1100100 100 1101. 1101110010,01100100 000100, 1881.

1100100 10011101. 0100οε811, 01010100, 1889.

8010100100000010110010110000, 1100100100, 1888, 1848.

1101 00100110 1101100118, met 0001, 18811.

1011001011ος 00 1010101001100 101 0001011110 1001, 1888.

111100100000110110101100100100100 10 Ηο11010, 1888.

110 00010001 101 801000 0011011, 1881.

1101010011ος 0101100 001001011010010, 01010001. 1884.

111101, ’0011011οῆ11 101 0000 80000010, 1888.

8100101001ος uit 10 (1111108110 0011011, 1001 1, 1888.

11001010 10001100 1010010οω001, 0101 0001. 1848.

In 11110 100 1101001 da 8100110, 0010011 10 1100011100, 1841.

1101 book 101 Koningen 00 (1100100,001101100 011 1100011100, 1841.

801000100οΙ, 1848.

Le 111101 101, 011101110 1111010 1101101100, 1848. ·

010110 10 11101010, 010000010ιο, 01 Claudio 1111111, 11010100001001100 inter 18

0000010110, 1844.

010110 10011001 800 1011000000, 01 over 10 1111001001 00 101 Ι001001, 1841.
11000100 betrekkelijk 10 1001111001 100 10100000, 1848. ’
10011010 op 111101 dn 1110010, 0001 0001, 1848.

111111010010011101101. Η101ο1180 van Ηο011, 1848.

 

