60 &ENNIUS

11111111 111 bosean, om 11111 111111111311 1111111313111111, 1111111111
311111111111 1111111131. Ζ11 111111 11 1111311111]111111111313111311·
11111 om 111 111 1113113 bot 11111111. Die 1113113111 1111111113 noe·
1111 wij 111111111131 1111111111111111111. Bij de 111111111111311 111
’1131111111 11 3111, 111 3111131 111 1111111111113111111111311311111
1111111111 111111 1111111111111, ((1111111111111 311111111311113111111
111111111111131 1111111111111111111 11111111, 111111 men 1131. Μ111
11111311111111 111 11 111111, 311111 wij opmerkten, 11111 1111111. Ver·
11111 gaen 111 111 1111111111111. Zij verdween ele 111111111131 1111111,
111111 11111 1111111111 vorm werd 11131111, 111111 bij de stoommachine
de 111111111131 111111, in de 1111 1111111113, 11 1111111 11 1111111111111
11111111113111. ’11111111 111 111111111131 1111111111111111111 bij 11 1111-
111111113 11111111111 in andere vormen 1111111111111111131111, 11111
1111111111 11 11 11111111131111111111 111111 31111311 11111 1111111111-
kelijke 1111. In de 1111111 1111111111 111 1111111111113, 111 111 113111111
’ 11111111,11111111113111111111111111111. 11111111111111111, 1111
111 111111 en de 1111111 ven den 11111111111111111111111111,11131111

- 11111111111111111111111111311 11111.

11 1111 11111111 1111111111 11111131111111 111111 1111101111111

111 11111111 3111111 en 111 11 11111111111111111111113113 1111111111-
3113, 11 verwenteehepskrecht 11131111. Die 11111111111111111111111-’
vende 1111111 111 111 1111111111 11 11111111111111111. 01111 heren
invloed worden 111131111111 1111111, 1111111113111111((1111111111111111111
bedeeld, in de plant gevormd, terwijl er 3111111111131111111111 111111
11111111, waurin 111 1111111111( haer 1111111111 111 111111111131 111111
111111, 111111 1111111113 111111 113131111. 11111131111111111111 worden
door het 1111111111, 111 11111111 1111111113111111111111131111111
11 11 111111111131 111111, 111 11111111 11111111111 werdt 1113111111,
11111 111 11111111 1131111111 in 11111, 11 111111111111111113111111 be·
11111111,- 1111111111 11111111113 11111111.

11 1111111111111 111 1111111111111111131111 111111111 op dit 3111111
nu verder 111, 111 1111111111, 111111 in 11113111 113111311111111111113,
1111131111 111 11 1111111111 11111111111111. 11 1111111111 11 31111111

 

